Time: 2023-05-04 16:33:15.858478
gyro: (-0.001090830782496456, 0.001090830782496456, 0.003272492347489368)
acceleration: (-0.2, -0.23, 9.46)
gravity: (0.0, 0.0, 0.0)
magnetic: (-75.0625, 15.75, -52.875)
euler: (0.0, 0.0, 0.0)
TEMP: 22.346117689483798 PRESS: 1005.504629824261 HUMID: 35.22488574028089


Time: 2023-05-04 16:33:16.926629
gyro: (0.001090830782496456, 0.0, -0.001090830782496456)
acceleration: (-0.26, -0.29, 9.46)
gravity: (-0.27, -0.34, 9.790000000000001)
magnetic: (-75.5, 16.5625, -51.25)
euler: (359.9375, -1.5625, 2.0)
TEMP: 22.361103629885474 PRESS: 1005.5557911761865 HUMID: 35.19720785521475


Time: 2023-05-04 16:33:17.981788
gyro: (-0.001090830782496456, 0.002181661564992912, 0.0)
acceleration: (-0.24, -0.3, 9.46)
gravity: (-0.27, -0.34, 9.790000000000001)
magnetic: (-75.875, 16.875, -51.6875)
euler: (359.9375, -1.5625, 2.0)
TEMP: 22.351113002659986 PRESS: 1005.4867000523384 HUMID: 35.20279477176366


